COSMOS 1408 DEB         
1 49537U 82092AA  25327.05684152  .00782081  28421-3  14810-2 0  9991
2 49537  82.5225 116.6714 0021852 323.0586  36.9185 16.00315436222686
COSMOS 1408 DEB         
1 50032U 82092RU  25327.09934851  .00005677  00000+0  11751-3 0  9991
2 50032  82.5644  78.6322 0014639 286.5804  73.3837 15.45403488223005
COSMOS 1408 DEB         
1 50058U 82092SW  25326.83755082  .00032682  00000+0  36481-3 0  9990
2 50058  82.6126  90.1431 0016042 170.4801 189.6764 15.62452474224938
COSMOS 1408 DEB         
1 50404U 82092ADS 25326.80236141  .00068590  00000+0  28211-2 0  9990
2 50404  82.2083 235.3805 0181719 268.1406  89.9004 15.10036971208922
COSMOS 1408 DEB         
1 50621U 82092ALR 25326.80509632  .00026925  00000+0  39005-3 0  9999
2 50621  82.5695  94.9083 0028844 226.2490 133.6377 15.55212676219401